date,daily_deaths_actual,daily_deaths_est,daily_deaths_90CI_lower,daily_deaths_90CI_upper,cumulative_deaths_actual,cumulative_deaths_est,cumulative_deaths_90CI_lower,cumulative_deaths_90CI_upper
2020-03-01,2,2,2,2,2,2,2,2
2020-03-02,3,3,3,3,5,5,5,5
2020-03-03,4,4,4,4,9,9,9,9
2020-03-04,1,1,1,1,10,10,10,10
2020-03-05,0,0,0,0,10,10,10,10
2020-03-06,1,1,1,1,11,11,11,11
2020-03-07,4,4,4,4,15,15,15,15
2020-03-08,3,3,3,3,18,18,18,18
2020-03-09,3,3,3,3,21,21,21,21
2020-03-10,3,3,3,3,24,24,24,24
2020-03-11,5,5,5,5,29,29,29,29
2020-03-12,4,4,4,4,33,33,33,33
2020-03-13,6,6,6,6,39,39,39,39
2020-03-14,3,3,3,3,42,42,42,42
2020-03-15,7,7,7,7,49,49,49,49
2020-03-16,13,13,13,13,62,62,62,62
2020-03-17,20,20,20,20,82,82,82,82
2020-03-18,33,33,33,33,115,115,115,115
2020-03-19,43,43,43,43,158,158,158,158
2020-03-20,57,57,57,57,215,215,215,215
2020-03-21,71,71,71,71,286,286,286,286
2020-03-22,87,87,87,87,373,373,373,373
2020-03-23,110,110,110,110,483,483,483,483
2020-03-24,200,200,200,200,683,683,683,683
2020-03-25,251,251,251,251,934,934,934,934
2020-03-26,279,279,279,279,1213,1213,1213,1213
2020-03-27,370,370,370,370,1583,1583,1583,1583
2020-03-28,487,487,487,487,2070,2070,2070,2070
2020-03-29,273,273,273,273,2343,2343,2343,2343
2020-03-30,494,494,494,494,2837,2837,2837,2837
2020-03-31,720,720,720,720,3557,3557,3557,3557
2020-04-01,915,915,915,915,4472,4472,4472,4472
2020-04-02,960,960,960,960,5432,5432,5432,5432
2020-04-03,1630,1630,1630,1630,7062,7062,7062,7062
2020-04-04,1366,1366,1366,1366,8428,8428,8428,8428
2020-04-05,1153,1153,1153,1153,9581,9581,9581,9581
2020-04-06,2048,2048,2048,2048,11629,11629,11629,11629
2020-04-07,1249,1249,1249,1249,12878,12878,12878,12878
2020-04-08,1834,1834,1834,1834,14712,14712,14712,14712
2020-04-09,1896,1896,1896,1896,16608,16608,16608,16608
2020-04-10,2028,2028,2028,2028,18636,18636,18636,18636
2020-04-11,1860,1860,1860,1860,20496,20496,20496,20496
2020-04-12,1477,1477,1477,1477,21973,21973,21973,21973
2020-04-13,1549,1549,1549,1549,23522,23522,23522,23522
2020-04-14,2473,2473,2473,2473,25995,25995,25995,25995
2020-04-15,2498,2498,2498,2498,28493,28493,28493,28493
2020-04-16,2201,2201,2201,2201,30694,30694,30694,30694
2020-04-17,2091,2091,2091,2091,32785,32785,32785,32785
2020-04-18,1842,1842,1842,1842,34627,34627,34627,34627
2020-04-19,1402,1402,1402,1402,36029,36029,36029,36029
2020-04-20,1685,1685,1685,1685,37714,37714,37714,37714
2020-04-21,2520,2520,2520,2520,40234,40234,40234,40234
2020-04-22,NA,1918.857142857143,1526.2857142857142,2431.878571428571,NA,42152.857142857145,41760.28571428572,42665.87857142857
2020-04-23,NA,1868.142857142857,1479.707142857143,2392.471428571428,NA,44035.07142857143,43363.83571428571,44885.16428571429
2020-04-24,NA,1803.142857142857,1424.1357142857144,2345,NA,45862,44889.135714285716,47067.47142857143
2020-04-25,NA,1745.4285714285713,1349.142857142857,2321.0071428571428,NA,47621.07142857143,46339.69285714286,49228.457142857136
2020-04-26,NA,1681.9285714285716,1265.4214285714286,2286.15,NA,49316.357142857145,47687.13571428571,51412.77142857143
2020-04-27,NA,1617.3571428571427,1183.8428571428572,2253.6285714285705,NA,50935.5,48941.107142857145,53555.042857142864
2020-04-28,NA,1546.5,1092.707142857143,2221.4571428571426,NA,52486.21428571429,50097.707142857136,55674.578571428574
2020-04-29,NA,1467.0714285714284,1006.2785714285715,2203.157142857143,NA,53956.071428571435,51161.27142857143,57806.02857142857
2020-04-30,NA,1385.5,912.85,2163.742857142857,NA,55366.5,52113.27142857143,59896.99285714285
2020-05-01,NA,1309.0714285714284,821.4285714285714,2129.578571428571,NA,56684.21428571429,52977.299999999996,61979.77142857143
2020-05-02,NA,1231.142857142857,738.9928571428571,2116.4642857142853,NA,57917.71428571429,53766.79285714286,63994.421428571426
2020-05-03,NA,1156.6428571428573,653.4214285714286,2110.557142857141,NA,59096.57142857143,54462.135714285716,66073.82142857143
2020-05-04,NA,1082.4285714285713,585.5714285714286,2098.7357142857118,NA,60183.5,55084.81428571428,68074.47142857141
2020-05-05,NA,1004.5,511.41428571428577,2090.4357142857143,NA,61194.5,55637.83571428571,70112.46428571429
2020-05-06,NA,931.1428571428571,441.99285714285713,2085.8571428571427,NA,62143.07142857143,56101.99285714285,72125.19285714286
2020-05-07,NA,869.4285714285714,384.42857142857144,2104.442857142857,NA,63021.071428571435,56509.514285714286,74163.75714285715
2020-05-08,NA,805.2857142857142,333.1357142857143,2096.4857142857136,NA,63838.071428571435,56896.95,76186.79999999999
2020-05-09,NA,749.2857142857143,292.5642857142857,2117.264285714284,NA,64596.92857142857,57217.62857142857,78190.70714285714
2020-05-10,NA,695.2142857142857,254.70714285714288,2183.4357142857143,NA,65314.21428571429,57498.42142857143,80206.63571428572
2020-05-11,NA,657.5714285714286,220.27142857142857,2236.3571428571418,NA,65984.35714285713,57739.12857142857,82274.87142857142
2020-05-12,NA,617,190.71428571428572,2285.964285714282,NA,66618.28571428571,57982.47857142857,84537.59285714285
2020-05-13,NA,573.9285714285714,165.85714285714286,2372.0499999999975,NA,67211.57142857142,58173.92857142857,86833.37857142856
